2500 2500

29 1
4855 2
4941 5
4951 5
5009 6
1440 8
5241 9
5309 9
2496 12
4827 12
5642 12
5732 16
5782 17
28 18
911 18
2713 18
1628 22
6076 25
211 26
1182 26
5521 26
6111 26
6337 27
6387 27
6473 31
732 36
960 36
5116 36
6570 36
1580 38
2101 38
2504 38
4005 38
5301 38
5469 38
6228 38
6720 38
6738 38
6803 38
6847 38
6945 38
7024 38
7084 38
7308 38
7436 38
7449 38
7570 38
7685 38
7730 38
406 40
42 42
5691 44
7958 44
5986 48
949 50
1010 50
2225 50
8078 50
8127 50
1765 51
8533 52
3483 53
4798 61
9238 62
6149 63
9366 63
126 64
9406 66
6498 67
9418 67
409 69
9436 69
5681 70
5607 71
9727 72
692 79
9912 79
9920 82
5609 87
7386 87
8825 89
9011 89
10202 89
1 95
5906 96
1412 98
10541 99
8101 101
1 106
8597 108
2609 111
6322 112
557 115
2748 115
11030 115
1724 117
1010 119
120 120
11305 121
3383 125
11666 136
9811 142
11912 142
11997 145
12028 146
7900 149
12083 149
6255 153
8727 153
11789 153
126 155
181 155
386 155
980 155
1108 155
9000 155
12310 161
12336 161
12439 164
10969 170
12584 175
12642 176
1268 179
12774 179
12829 179
12871 179
13014 183
13021 184
399 186
5620 188
13099 189
13261 194
848 196
2588 196
4798 196
11656 196
23 200
11676 200
10059 202
8940 207
8872 212
2788 214
389 217
12294 218
13951 218
13988 218
14049 218
2911 222
3007 222
3040 222
3103 222
3113 222
3855 226
684 227
1152 227
2359 227
3433 227
5561 227
7439 227
8368 227
14286 227
14508 227
14877 227
14884 227
2950 247
14162 247
1646 254
13241 254
13295 254
259 259
261 261
286 270
2929 275
5707 275
4877 285
11068 285
4206 286
5198 286
5686 290
9696 310
5792 312
7321 325
12187 325
5213 336
5284 343
5458 343
5731 343
6393 343
10845 344
10267 360
1711 367
10014 367
10114 371
1543 376
3184 381
8146 381
9000 381
11488 381
897 382
927 382
2309 382
2432 382
2559 382
3295 382
3570 382
4005 382
4011 382
4357 382
4419 382
4448 382
4701 382
4732 382
4772 382
5957 386
142 399
605 399
610 399
752 399
1163 399
1217 399
1339 399
1512 399
1569 399
1724 399
2261 399
2360 399
2383 399
8404 402
11090 402
4806 404
489 406
718 406
1017 406
1284 406
1523 406
2108 406
1499 407
2363 414
5454 414
4174 422
5925 422
11562 422
1939 428
2495 428
6183 433
7918 440
12894 440
399 442
3281 447
341 453
2542 453
1881 454
3143 461
399 463
6170 465
13940 465
6245 487
14622 505
10203 509
11543 509
4 517
64 517
2363 517
8730 533
399 534
1071 539
2554 541
5618 547
552 552
5901 553
4806 561
11857 561
572 572
7559 572
8416 572
399 573
3146 584
2336 602
3134 609
1546 626
6147 633
1704 638
5265 639
106 642
5030 652
673 673
10761 683
3421 684
5880 684
11104 684
11298 684
2850 692
2852 692
5237 704
5337 704
2289 707
6090 711
5664 718
8642 718
2371 723
2856 727
3525 752
38 755
11021 755
404 780
1850 780
6 787
6261 787
6297 787
10292 787
12061 787
5935 801
11807 802
13795 802
13490 804
14382 806
3189 812
7856 817
9056 817
13791 817
5471 822
3162 823
3003 826
14988 826
9120 830
5140 834
13102 834
14545 835
1510 837
3393 843
11485 843
4 845
5155 845
1994 848
50 852
8172 852
8272 853
146 859
5385 864
5477 877
11149 879
2546 880
2828 880
5229 880
5313 880
5987 880
9411 880
885 885
8197 892
8199 892
894 894
399 896
402 918
284 927
344 928
1830 935
2572 941
5617 941
7945 941
10014 955
956 956
10443 963
10782 963
4885 968
9179 993
50 1002
5433 1010
399 1016
749 1021
2543 1021
11562 1025
11395 1030
1022 1031
2787 1035
9919 1048
399 1069
8302 1070
10683 1083
5421 1100
5030 1102
2166 1108
287 1110
4315 1114
4318 1114
9573 1114
12590 1119
4795 1124
9501 1125
8761 1130
155 1134
4353 1141
5491 1142
218 1160
12751 1165
227 1176
11988 1197
5817 1209
4886 1230
6733 1230
12256 1230
1982 1249
8878 1256
517 1265
10111 1265
227 1269
1278 1278
1799 1281
1672 1284
8082 1284
1071 1286
5140 1286
2305 1295
2938 1295
11239 1296
3445 1300
2492 1303
9 1321
2906 1335
5017 1335
5381 1335
8939 1340
8573 1346
9 1347
8010 1355
399 1358
3347 1359
8577 1359
1367 1367
676 1372
4879 1372
399 1378
1979 1378
9682 1378
4830 1381
5521 1382
6715 1382
405 1391
2710 1397
3330 1397
8027 1397
8082 1399
5058 1435
1082 1440
7203 1449
5425 1454
8993 1454
2092 1457
4981 1457
5967 1457
9086 1463
3246 1466
2262 1489
5618 1489
10292 1490
12404 1490
2784 1500
7373 1502
9155 1502
13345 1520
600 1521
5614 1529
7071 1529
343 1532
1885 1532
7753 1532
12360 1532
13910 1532
12482 1538
10913 1539
5578 1543
2363 1546
5391 1549
5614 1549
1550 1550
3184 1554
7813 1554
1211 1560
2484 1560
5571 1560
5375 1564
6304 1564
5657 1566
9186 1571
8003 1578
4893 1580
13133 1580
3484 1584
1625 1587
5919 1588
10528 1588
13870 1593
399 1599
4841 1605
5029 1605
5019 1615
5265 1620
6297 1624
3970 1634
7891 1635
13276 1637
1641 1641
10427 1646
10445 1646
343 1658
9 1659
12156 1660
2806 1670
188 1675
1222 1678
1457 1678
14120 1681
14338 1692
406 1693
7156 1694
8734 1694
5686 1695
11149 1700
3620 1704
6543 1704
11995 1704
399 1705
3408 1720
70 1724
7721 1724
2439 1727
399 1738
11404 1739
6024 1744
6668 1760
132 1765
1724 1772
1779 1779
8674 1783
5440 1792
1937 1799
7825 1805
8894 1820
11829 1820
956 1823
5082 1831
3115 1835
7220 1835
2220 1836
4784 1836
6129 1847
4922 1850
2495 1852
5539 1854
14647 1861
1577 1862
11245 1872
11721 1872
1532 1887
5380 1895
12765 1897
9502 1901
11239 1901
5440 1903
8041 1903
6391 1905
6460 1915
227 1920
114 1936
9416 1938
13304 1939
5014 1940
7968 1945
10152 1945
2831 1948
5399 1953
8087 1953
8575 1953
13034 1953
1881 1956
1003 1972
1529 1972
2530 1972
5107 1974
909 1982
1987 1987
1881 1992
2003 2003
7439 2008
13519 2009
2492 2011
2321 2013
4946 2025
2495 2027
343 2036
2037 2037
2038 2038
3166 2043
4966 2043
12103 2043
155 2055
4835 2067
5978 2070
4803 2074
8048 2083
402 2085
6713 2087
5882 2091
1309 2092
3232 2099
9427 2104
7962 2107
5032 2108
8724 2112
6094 2128
5134 2140
2501 2152
9432 2160
6386 2183
9191 2186
155 2190
2485 2197
2609 2197
7529 2197
14334 2200
405 2202
2212 2212
5056 2212
399 2215
196 2223
6017 2236
8732 2243
12323 2243
6507 2261
8312 2261
2495 2262
8586 2262
11289 2269
2363 2272
6323 2280
10456 2280
4798 2283
13354 2283
3171 2285
2107 2287
12385 2289
11786 2304
2489 2306
5473 2306
8364 2306
5527 2313
11381 2313
2325 2325
9898 2339
5285 2358
10672 2360
11302 2360
2306 2363
5505 2363
1678 2379
1751 2379
6755 2379
4968 2382
6460 2384
2489 2387
4806 2387
466 2394
2396 2396
3362 2399
2579 2409
4940 2409
367 2411
5412 2413
1502 2414
559 2438
31 2439
453 2439
981 2439
10509 2441
414 2447
2363 2451
5399 2451
2961 2464
6212 2464
11434 2465
8428 2472
5395 2475
5976 2480
10114 2480
7971 2484
9764 2484
13810 2484
4806 2488
287 2489
5596 2489
468 2492
4875 2492
8074 2492
386 2495
1368 2495
1953 2495
2484 2495
4121 2495
4262 2495
4620 2495
5424 2495
5642 2495
7037 2495
13197 2495
14068 2495
12445 2496
8184 2501
2428 2504
3999 2507
1836 2508
5454 2508
249 2509
4451 2511
5517 2511
6125 2511
711 2512
4945 2512
196 2514
2439 2514
2821 2514
5791 2516
343 2520
4837 2522
8558 2522
9868 2523
5032 2524
2500 2525
843 2527
1099 2530
2490 2530
685 2535
6615 2535
8052 2538
1546 2540
5372 2540
5440 2541
12137 2542
13295 2542
2518 2543
8199 2543
10723 2543
3052 2545
10494 2546
860 2553
2951 2554
2559 2559
8181 2566
5027 2572
18 2573
11449 2580
5027 2584
7512 2588
227 2592
9402 2602
735 2609
1881 2609
1959 2609
2618 2609
4886 2609
2610 2610
287 2627
5454 2627
8074 2627
9845 2639
2424 2663
2424 2671
223 2679
3600 2679
411 2700
6613 2707
142 2748
10569 2751
5614 2753
13189 2754
2554 2757
2766 2766
5710 2770
8340 2773
6668 2780
8274 2780
6963 2784
1368 2789
5435 2789
13206 2789
172 2791
2792 2792
13617 2798
6401 2799
2345 2802
8811 2806
5015 2807
5844 2807
6014 2821
13853 2821
1243 2826
8193 2827
8274 2829
652 2831
5039 2831
5617 2843
692 2846
2846 2846
155 2851
2160 2851
4922 2851
409 2857
5299 2857
9481 2861
222 2872
1762 2879
440 2880
14000 2880
254 2881
3938 2881
10357 2881
3857 2882
9962 2888
14390 2888
5917 2897
4991 2898
222 2899
3398 2907
2464 2916
5788 2917
222 2927
2936 2936
5819 2939
9742 2943
9325 2945
9855 2950
10137 2951
3800 2961
5711 2961
6632 2961
7920 2961
2962 2962
4827 2980
8877 2987
5686 2994
9 3000
14114 3001
3004 3004
5235 3005
2392 3012
8303 3012
469 3026
5571 3029
9986 3036
12320 3036
14963 3036
1652 3037
5082 3037
8790 3038
5107 3048
2091 3057
3077 3057
5527 3057
9509 3057
5163 3064
4806 3067
10971 3075
2554 3077
3573 3077
9742 3077
5083 3078
5231 3080
8561 3080
9325 3081
5796 3085
222 3094
9313 3095
7823 3097
3233 3103
188 3106
5473 3106
5653 3106
2923 3111
2254 3116
10780 3116
5915 3117
222 3118
4398 3119
6598 3119
3730 3123
386 3125
4990 3128
3130 3130
3540 3131
6120 3131
6098 3135
3235 3139
9191 3140
3471 3141
5496 3142
3152 3145
1857 3159
8820 3159
4827 3160
9752 3162
13727 3163
11662 3165
1497 3171
2300 3184
4716 3184
13050 3184
411 3186
4482 3186
5035 3186
1265 3189
3063 3200
46 3214
14917 3214
3226 3226
2379 3228
6936 3228
4122 3232
13534 3232
3159 3234
2983 3245
146 3246
12249 3246
5015 3248
1605 3267
2821 3276
8152 3278
3280 3280
1505 3283
11845 3288
10390 3289
3303 3303
382 3309
5107 3309
8942 3309
4053 3322
5776 3323
10940 3323
7372 3331
52 3339
584 3339
781 3351
5671 3353
4516 3359
826 3379
1681 3383
4971 3386
7561 3386
3855 3387
8638 3393
1652 3408
2998 3408
3065 3408
4165 3408
1142 3410
3024 3410
3734 3410
3016 3423
3792 3433
9578 3445
2108 3454
7839 3454
952 3458
4138 3458
382 3460
3473 3473
14 3484
2957 3484
3198 3484
8451 3484
4931 3495
11567 3518
2687 3523
3932 3525
802 3540
3125 3549
5351 3562
7804 3580
10316 3580
5521 3590
4983 3598
4892 3612
10141 3619
10719 3620
5826 3647
1466 3657
3669 3669
6100 3671
2451 3673
2853 3673
382 3681
8561 3690
6412 3696
5665 3702
10689 3702
3721 3721
382 3722
5404 3722
2074 3730
5611 3730
11636 3730
14884 3731
2495 3743
3483 3757
6142 3759
6367 3761
382 3762
9075 3762
8119 3767
1522 3768
8732 3768
2886 3774
8995 3788
5686 3796
6689 3796
2829 3812
382 3818
5860 3820
8727 3829
3847 3847
2950 3853
13117 3853
3706 3869
9814 3884
10716 3885
11766 3898
9207 3901
10549 3908
11786 3909
2949 3923
3925 3925
2554 3939
5686 3941
382 3943
10283 3973
9853 3978
602 3997
3999 3999
5560 4004
4008 4008
5514 4014
1965 4018
382 4021
1646 4027
4030 4030
13251 4035
382 4039
5655 4041
8418 4045
5166 4077
5308 4084
1269 4089
9721 4111
5714 4122
9752 4126
5869 4136
11692 4141
1284 4159
6142 4171
4181 4181
4190 4190
10408 4194
11700 4195
3657 4197
200 4209
8993 4249
382 4256
447 4270
3840 4297
9876 4297
5796 4299
5779 4309
517 4317
3441 4320
2881 4324
11789 4324
5642 4328
6360 4329
8795 4334
382 4339
1638 4353
2526 4382
4408 4408
2540 4422
4422 4422
5139 4422
10114 4442
10911 4449
10514 4455
3422 4456
3323 4470
6323 4473
1267 4474
382 4479
1836 4492
4830 4498
2546 4500
329 4507
365 4507
6296 4508
8967 4513
6304 4516
8851 4516
11602 4521
6117 4546
8589 4546
5530 4554
4559 4559
5692 4565
8679 4565
2625 4567
4573 4573
1638 4578
4591 4591
382 4594
4601 4601
4606 4606
4903 4644
7931 4644
9986 4669
5129 4671
12809 4676
5796 4684
9856 4694
9530 4710
6301 4719
14472 4735
87 4736
2986 4742
3501 4742
4983 4742
11532 4742
2748 4745
3115 4761
11393 4787
1809 4795
2363 4797
7589 4797
70 4798
1007 4798
4527 4800
5102 4800
13948 4800
1840 4801
1437 4803
11298 4803
12363 4803
4604 4804
1169 4806
2054 4806
2464 4806
3835 4806
4683 4806
5451 4806
13073 4806
13909 4806
9164 4809
10632 4809
8587 4810
4868 4811
2987 4818
6377 4819
4772 4820
627 4824
5391 4824
8084 4824
1762 4825
4826 4826
14149 4827
14155 4827
14869 4827
3061 4828
3492 4828
12020 4828
723 4829
1543 4829
5384 4829
9325 4829
129 4830
1454 4830
3160 4830
6409 4830
2817 4833
8672 4833
8995 4833
136 4835
3696 4835
4107 4835
7130 4835
678 4837
13818 4837
12140 4840
738 4843
8761 4844
108 4845
218 4847
9869 4853
8032 4857
13062 4859
5956 4860
10846 4862
11787 4862
7891 4866
11536 4866
10122 4868
4716 4871
4669 4872
6564 4872
13051 4872
227 4876
2149 4877
7965 4880
9976 4898
3136 4907
9243 4907
4892 4909
10377 4910
7783 4914
4916 4916
3319 4917
9191 4917
4564 4918
7156 4918
10054 4918
3189 4922
5278 4922
13366 4922
38 4924
609 4924
2522 4924
6620 4926
1532 4928
10197 4931
8583 4932
11103 4932
5651 4935
11642 4935
8765 4936
3283 4937
2495 4940
5840 4940
8486 4940
3033 4945
12854 4945
7933 4946
10605 4946
2554 4961
10779 4964
2027 4965
8658 4965
10491 4965
5882 4970
5565 4973
9191 4974
6668 4975
14781 4975
275 4982
9513 4982
7848 4984
13399 4985
355 4987
992 4987
2104 4987
14260 4987
1520 4991
1826 5014
4773 5014
7253 5014
6663 5015
11636 5015
12178 5015
12203 5015
207 5017
728 5017
980 5017
1884 5017
6707 5017
8335 5017
38 5018
115 5019
6431 5021
4644 5024
1869 5026
3024 5026
6 5027
4382 5027
4466 5029
11047 5032
6005 5034
2243 5035
14840 5037
5804 5041
7976 5041
11163 5042
44 5050
8 5070
9649 5070
13519 5071
6582 5073
1095 5077
2917 5079
6388 5092
247 5095
602 5097
4423 5098
5134 5103
10782 5103
6105 5121
3759 5129
1595 5133
2160 5133
5614 5138
7386 5140
483 5142
4833 5150
7421 5151
5416 5153
9774 5154
602 5157
1546 5157
5526 5157
8364 5157
17 5161
3410 5163
9689 5163
11232 5166
2451 5173
5058 5180
10817 5180
6020 5195
8233 5195
14956 5197
13515 5204
207 5207
4800 5207
453 5212
1849 5212
5142 5212
7172 5212
343 5213
5494 5213
7968 5216
5396 5219
6467 5219
9848 5225
6296 5237
11218 5237
13028 5237
3484 5239
4018 5240
2867 5241
4885 5241
1601 5242
7621 5242
6492 5244
6217 5246
9 5247
5144 5248
13852 5258
10250 5265
7791 5268
5269 5269
11995 5270
1762 5284
2541 5284
2543 5284
3483 5286
9 5297
1720 5297
6348 5297
8891 5297
12179 5297
8824 5305
5103 5311
5454 5315
6401 5316
7833 5316
9469 5317
9492 5320
3936 5323
4800 5325
11723 5330
3205 5334
5239 5341
409 5343
10722 5348
10958 5348
13261 5348
3119 5350
10647 5350
119 5351
2961 5353
9375 5358
5140 5364
4813 5370
592 5381
8350 5382
2070 5384
4403 5384
6232 5384
13316 5384
1861 5385
2102 5391
6700 5391
9974 5391
1633 5393
2518 5393
2504 5396
6512 5396
13404 5396
880 5399
2520 5399
8562 5404
2618 5406
5685 5418
8211 5419
2348 5421
9505 5424
12509 5440
2739 5441
9006 5453
3038 5454
2508 5458
8376 5458
12 5460
880 5460
2068 5460
509 5467
2533 5469
11756 5469
5993 5471
287 5473
10013 5473
11995 5475
3079 5476
3915 5476
4588 5476
11305 5481
4452 5482
7863 5486
1534 5494
5505 5494
539 5495
8082 5499
12296 5501
5504 5504
188 5505
5473 5505
7622 5505
14479 5505
13760 5507
5511 5511
5925 5513
7738 5513
2400 5514
3015 5514
14242 5514
275 5516
10143 5516
188 5517
1762 5517
3671 5521
5069 5521
8181 5521
196 5526
1295 5526
4806 5526
5868 5528
4794 5539
13993 5539
1118 5546
5547 5547
6751 5553
14300 5558
6064 5565
6665 5565
1885 5570
2801 5570
14608 5570
8199 5578
5984 5580
9429 5582
12328 5586
5140 5599
5604 5604
10390 5607
10834 5607
8698 5608
11490 5608
12076 5608
52 5609
1010 5609
200 5614
1268 5614
5527 5614
8304 5614
412 5618
10941 5618
2518 5620
12 5623
6315 5625
6375 5626
5495 5628
14779 5639
2106 5642
9850 5646
13258 5648
11255 5651
14106 5651
14150 5652
11154 5653
11909 5654
85 5656
5318 5660
5528 5660
10500 5660
7214 5662
56 5667
5555 5685
1388 5686
2929 5686
5475 5686
1130 5691
72 5696
2973 5696
3057 5696
5642 5702
1677 5703
1003 5707
2169 5707
2541 5707
5190 5707
5969 5707
6791 5707
7236 5707
7243 5707
7442 5707
7546 5707
7752 5707
13772 5709
2540 5711
2861 5711
4840 5711
6300 5711
9369 5711
13948 5711
5589 5717
5719 5719
8253 5730
12499 5730
6640 5731
9191 5731
5240 5732
8683 5738
3354 5741
9801 5741
9924 5741
5070 5746
1031 5752
227 5757
14145 5761
11463 5769
5528 5774
14399 5778
8094 5813
1109 5835
11597 5836
5475 5839
5147 5841
10459 5842
4174 5843
12109 5844
3137 5845
5968 5857
14155 5857
5968 5861
7870 5866
2970 5869
8374 5871
1438 5882
10827 5900
8467 5901
5441 5908
8118 5908
13182 5908
4829 5910
12256 5914
8655 5919
10849 5919
6491 5921
212 5925
1704 5926
4745 5935
2543 5936
8023 5938
10870 5938
5869 5941
7839 5942
9678 5949
1336 5956
23 5959
8000 5959
23 5967
10524 5968
5969 5969
4827 5970
2938 5972
5880 5978
6605 5978
4827 5980
572 5993
6301 5995
7813 5995
4848 5999
1401 6007
4498 6012
9526 6012
9187 6020
10248 6020
8129 6024
8677 6048
8459 6049
5521 6054
5731 6054
6094 6054
212 6068
12869 6068
10349 6070
2950 6073
530 6077
409 6082
6510 6085
8615 6085
26 6091
5642 6091
5175 6092
5809 6092
6632 6096
5671 6103
9088 6105
13410 6105
4552 6117
26 6129
3768 6135
7288 6142
10407 6142
8883 6155
4678 6159
5070 6165
10874 6170
6393 6177
6178 6178
6193 6193
2554 6197
9576 6197
6305 6203
9036 6209
5626 6229
4827 6234
2939 6235
13487 6235
4224 6239
8655 6245
4800 6248
6401 6248
2793 6249
13365 6257
9876 6261
8515 6264
25 6270
1532 6270
8939 6270
14321 6279
2033 6280
1571 6296
60 6297
4981 6297
12252 6301
853 6304
5835 6308
11852 6308
414 6315
2589 6315
10593 6327
11253 6336
6341 6341
9976 6343
2345 6345
207 6348
27 6350
6352 6352
6361 6361
4840 6365
11020 6384
13991 6387
5599 6414
2796 6415
468 6423
534 6423
2853 6423
5155 6423
12398 6423
13082 6431
1532 6434
8733 6437
5138 6446
157 6457
6226 6460
5491 6473
2483 6478
10426 6478
5441 6484
2700 6488
12475 6490
13032 6491
9508 6495
10294 6505
8500 6508
2831 6510
5707 6513
1436 6514
3071 6514
5296 6514
9794 6514
336 6518
6054 6518
1119 6521
4066 6521
9572 6528
13744 6533
2520 6539
2484 6540
7056 6540
6595 6541
36 6545
8795 6552
11636 6552
2139 6554
1856 6557
2501 6561
14854 6561
4803 6562
6730 6562
2589 6563
6081 6572
2321 6582
9259 6597
5914 6600
10782 6601
1779 6605
6969 6605
10496 6605
9319 6610
1249 6619
6414 6621
6666 6621
1571 6625
534 6632
609 6632
10479 6642
11513 6642
2806 6643
927 6652
9682 6652
12180 6652
5582 6654
10557 6654
12176 6661
14521 6661
843 6668
9557 6668
12325 6668
38 6680
10404 6688
2832 6703
5005 6703
13747 6706
3189 6708
293 6711
6142 6711
9769 6713
1849 6715
7466 6719
5103 6723
12852 6726
833 6751
4831 6751
10979 6751
9497 6753
4207 6777
5165 6777
4178 6781
14875 6791
5626 6849
10197 6867
6868 6868
38 6875
9075 6877
5707 6893
1152 6900
4398 6938
7968 6940
5241 6948
38 6961
4430 6969
8538 6969
12947 6969
6562 6973
6978 6978
1564 6992
7002 7002
10505 7002
1021 7022
5641 7024
5014 7030
5707 7041
3116 7071
5213 7071
38 7106
5707 7113
8462 7154
2354 7163
14561 7180
38 7185
755 7218
7572 7225
12861 7240
1836 7249
38 7267
5391 7267
38 7309
8414 7328
12390 7328
126 7331
7334 7334
2451 7367
1812 7391
6572 7393
13237 7401
220 7408
7028 7466
3184 7484
2507 7502
13702 7520
5029 7525
5707 7536
414 7544
4808 7544
38 7568
5707 7582
8184 7591
8752 7591
5707 7638
5570 7657
7692 7692
3235 7696
2542 7721
2789 7750
50 7763
13931 7763
38 7773
11342 7781
6351 7783
867 7797
6711 7800
10992 7803
1474 7813
1677 7813
5226 7813
2077 7819
9362 7819
2916 7820
40 7824
14148 7824
1022 7839
3612 7839
5438 7839
8591 7848
1267 7859
1513 7870
999 7879
336 7885
9255 7885
14928 7885
14614 7889
4936 7890
5741 7913
2380 7918
14218 7927
13925 7930
6052 7938
44 7946
7951 7951
10628 7958
3997 7960
8352 7960
7383 7963
14121 7963
5245 7965
2512 7968
1836 7983
5614 7985
4975 7994
9948 7997
5276 8000
14944 8000
52 8003
8024 8023
5079 8026
8652 8027
8494 8036
6713 8039
325 8047
5871 8047
2159 8049
9038 8049
50 8051
193 8056
820 8057
5116 8057
5589 8058
5514 8062
1118 8065
5454 8067
8339 8071
11170 8071
247 8078
845 8082
12218 8082
6491 8083
4867 8090
8843 8090
8094 8094
6710 8108
6490 8118
2501 8124
4909 8129
409 8134
8416 8149
11121 8151
3278 8152
5300 8152
9188 8152
4808 8168
5129 8172
830 8175
2522 8175
2160 8189
2533 8191
2618 8192
6098 8197
5622 8198
5399 8199
12578 8199
14119 8199
1326 8204
8131 8216
11516 8217
5655 8222
11865 8223
10856 8224
8530 8231
10634 8231
13076 8231
12203 8243
5711 8246
11981 8272
4890 8300
2500 8302
5894 8306
11406 8319
5290 8320
50 8331
1783 8335
6799 8357
5521 8364
8515 8372
2512 8396
5696 8420
13904 8428
5278 8431
5914 8431
13760 8436
6155 8438
5348 8462
2821 8467
8508 8508
5837 8515
8652 8533
2965 8537
2758 8540
1259 8553
6579 8553
8084 8553
6838 8555
12330 8555
5510 8561
8791 8561
9960 8561
10400 8581
2930 8583
4918 8583
12216 8585
6360 8588
1872 8590
52 8593
5279 8594
6668 8594
2142 8597
4621 8597
6661 8615
9006 8622
9487 8625
8393 8638
9767 8638
8640 8640
8961 8642
13803 8643
2971 8644
3839 8652
10675 8652
6265 8655
9190 8657
3142 8663
10328 8663
12289 8675
14083 8675
7738 8683
5471 8686
10226 8704
6265 8705
9220 8708
53 8722
8722 8722
11460 8724
10770 8725
11021 8725
2222 8732
3768 8737
56 8743
57 8760
3549 8767
1595 8778
4868 8778
4780 8790
8795 8795
9337 8805
4449 8811
8625 8819
59 8839
3114 8844
9752 8844
1032 8845
5654 8849
3939 8862
1924 8872
8348 8878
8885 8885
2300 8899
3968 8899
8912 8912
6726 8913
13207 8930
1982 8935
3171 8938
10817 8939
752 8961
12122 8961
805 8968
5993 8969
2102 8972
13406 8972
859 8974
1416 8974
11153 8987
1646 8990
8372 9000
4004 9006
8487 9006
3515 9013
373 9016
5739 9016
108 9028
180 9034
10175 9034
2788 9035
14509 9036
10974 9065
4745 9075
5563 9075
9557 9075
13238 9075
4478 9086
7805 9093
12561 9096
1235 9098
2508 9101
189 9102
386 9102
13936 9106
4917 9114
4077 9144
412 9175
5723 9181
12452 9181
2647 9191
2925 9191
3421 9191
4692 9191
14128 9191
14634 9191
2203 9201
8618 9204
9343 9206
1532 9213
10671 9223
5469 9233
10224 9242
9028 9243
9347 9249
287 9257
9119 9257
2102 9264
9346 9266
2424 9284
7466 9302
5589 9303
12032 9303
12140 9303
1564 9319
2580 9319
5961 9322
6588 9324
10656 9330
8909 9341
8603 9347
4830 9358
1543 9366
1740 9375
242 9394
9233 9401
142 9416
13999 9427
1841 9433
13258 9433
13860 9433
6550 9444
6215 9455
12861 9471
9477 9477
8685 9479
5404 9487
10569 9487
5981 9490
11692 9490
4794 9502
787 9516
5167 9519
10439 9520
8990 9526
7708 9534
12104 9536
268 9544
9544 9544
2964 9549
70 9572
2716 9574
1259 9579
1727 9591
11182 9598
5494 9600
2492 9612
5399 9612
5007 9615
8759 9615
9296 9615
1170 9630
9811 9639
409 9648
11039 9648
14098 9660
12137 9687
9695 9695
10658 9721
11041 9721
9735 9735
6767 9741
6711 9742
5248 9755
74 9767
8570 9767
5421 9789
3755 9835
1068 9838
14926 9847
268 9850
9149 9855
85 9859
11612 9860
4516 9868
6216 9877
9894 9894
9899 9899
79 9910
2189 9927
1476 9929
14215 9943
3730 9957
5469 9960
218 9963
5642 9963
6142 9974
6020 9986
547 9989
6730 9995
1751 9999
4841 10004
9498 10004
3056 10014
5367 10017
10019 10019
5271 10045
7643 10045
1452 10057
9057 10061
572 10065
148 10072
10971 10072
3064 10078
9436 10106
4451 10121
2428 10122
1836 10128
3644 10133
5325 10141
4806 10150
4725 10175
5458 10176
11701 10208
10213 10213
7320 10235
1627 10248
9389 10257
90 10263
2609 10269
3386 10271
1132 10277
2821 10285
1230 10292
5207 10296
14215 10318
5226 10320
13506 10320
3573 10326
5828 10328
10345 10334
4809 10335
4004 10343
2336 10366
2447 10381
3171 10381
10407 10381
1520 10388
8015 10390
4971 10401
5926 10414
96 10416
10720 10419
8216 10421
14991 10422
10426 10426
10696 10429
12831 10429
10457 10457
3036 10459
8181 10463
97 10464
3454 10468
10489 10489
4226 10491
5993 10491
10782 10504
6562 10509
14454 10509
99 10513
10516 10516
2796 10545
6004 10545
10004 10545
242 10556
8412 10566
10545 10566
10556 10566
10439 10593
5626 10614
1549 10622
4886 10628
6318 10628
9128 10630
12020 10641
4917 10651
4105 10654
4972 10654
2300 10659
3138 10667
8579 10670
6365 10676
2197 10683
2516 10695
6679 10709
1866 10748
8716 10769
12617 10780
13727 10781
6298 10782
4806 10783
10359 10785
13444 10787
9028 10797
997 10813
9086 10815
6265 10822
2484 10827
8003 10834
108 10841
487 10848
8617 10849
11873 10849
10856 10852
1652 10856
108 10857
3386 10858
1936 10860
9631 10870
8688 10906
10418 10906
10651 10906
9378 10921
14147 10932
8337 10954
12471 10961
120 10973
2955 10979
115 10988
9016 10989
956 10992
11898 11002
4964 11009
8575 11022
1580 11033
6079 11039
8330 11060
13870 11068
5961 11089
9120 11096
5514 11097
6605 11100
7884 11100
9389 11111
14675 11129
4936 11135
8790 11135
293 11138
3898 11138
10854 11149
14745 11151
119 11162
10251 11167
13769 11170
12218 11173
7022 11186
5468 11199
2486 11200
11943 11200
13455 11203
3974 11222
5939 11225
10133 11232
12373 11245
1861 11252
5614 11255
8658 11255
4787 11260
2789 11261
11269 11269
4130 11277
6491 11286
9402 11289
11300 11300
1022 11306
5653 11326
13701 11338
5134 11342
11532 11348
4866 11354
2379 11365
11630 11365
11384 11384
13499 11390
1795 11406
11418 11418
13829 11426
4838 11432
3386 11437
2546 11448
11450 11450
1498 11454
409 11457
12074 11485
13392 11489
5655 11491
6470 11491
6170 11494
8003 11495
4811 11512
892 11531
638 11542
5880 11548
9427 11549
2802 11552
218 11554
4827 11567
11568 11568
132 11573
10473 11589
11596 11596
14582 11597
468 11604
8883 11624
9132 11630
2554 11632
12105 11636
10181 11666
136 11673
136 11677
5243 11685
6170 11690
7175 11691
11695 11695
2798 11701
3483 11701
7884 11701
13051 11706
5301 11712
2787 11720
5239 11721
137 11725
349 11734
2572 11736
9817 11741
6490 11751
9995 11751
11624 11751
11754 11754
4829 11766
11787 11787
225 11789
609 11789
6117 11801
3246 11807
928 11817
8920 11829
1438 11851
142 11879
1571 11883
11481 11902
6668 11905
4833 11938
5487 11951
13981 11951
6045 11958
4675 11963
10428 11981
145 11986
3968 11991
8819 11995
5514 12020
4569 12023
1082 12049
13086 12065
732 12069
8801 12073
5608 12076
14147 12077
8166 12097
5653 12114
12377 12115
5265 12122
6969 12137
3076 12145
12145 12145
2088 12164
2306 12167
2881 12177
9467 12177
9683 12181
5127 12186
6141 12209
3305 12216
8586 12218
8914 12221
13300 12250
8312 12264

1 81
9 39
9 1286
9 1703
9 3471
12 5560
15 4806
15 5681
16 5746
16 5772
18 127
18 930
18 1819
23 2881
23 5969
23 5987
23 6035
27 6327
27 6329
27 6351
29 4795
36 6609
36 6633
38 39
38 3633
38 4592
38 6837
38 6964
38 7257
38 7278
38 7402
38 7705
38 7742
40 7804
44 7939
45 7993
47 8016
48 6056
50 170
50 1259
50 8080
50 8174
50 8349
51 29
52 8131
52 8632
53 343
53 5170
54 8727
58 399
58 8638
58 8789
60 5080
60 8594
62 2853
62 5133
62 9046
62 9084
63 4829
63 9261
63 9310
65 2439
69 6332
70 5017
70 5829
72 9697
83 9940
87 10029
89 4328
89 10051
89 10127
89 10152
95 9341
97 5157
100 10557
101 10583
103 4074
107 2851
109 6883
112 399
113 4050
117 399
117 5004
119 11268
122 399
126 11399
132 11613
139 1113
140 8065
142 10993
142 11624
144 50
145 1625
145 9919
149 85
155 195
155 482
155 2527
159 4644
159 5138
161 12350
162 406
164 1510
164 1546
164 9445
164 12256
168 12483
170 1457
172 1
172 1587
176 5788
176 9946
179 8053
179 12820
179 12830
179 12863
179 12887
181 4886
184 5138
189 6668
189 13107
193 13162
194 5906
194 8820
197 18
197 5005
198 198
198 6252
198 11981
200 6159
200 13402
203 155
207 1510
207 2501
207 3033
207 5323
207 13507
207 13519
207 13521
207 13549
208 2867
208 13577
208 13586
209 8003
209 13699
212 9342
214 13740
217 209
217 225
217 270
217 337
218 161
218 224
218 1945
218 4054
218 8233
218 8660
218 11395
218 13936
218 13949
218 13990
218 14039
224 3128
227 79
227 1912
227 2139
227 2255
227 4776
227 6159
227 6954
227 7190
227 14553
227 14574
230 6649
240 3135
242 26
242 405
242 12209
246 1982
252 223
254 644
254 3355
254 8364
266 807
266 2881
266 4922
266 6365
268 11404
273 273
275 4570
278 5491
279 217
284 2934
287 1021
287 1538
287 5484
287 5575
304 3721
310 5382
322 10694
325 8124
325 13311
333 333
337 402
343 9036
350 6490
373 1207
373 12203
382 1929
382 3555
382 3580
382 3607
382 4099
382 4344
382 4397
382 4502
382 4605
384 89
384 224
384 228
386 1711
386 4794
386 8273
394 1098
399 78
399 404
399 756
399 879
399 940
399 1058
399 1097
399 1220
399 1486
399 1643
399 1967
399 2069
399 2220
399 2221
402 5438
402 5921
404 8118
406 1445
406 1826
406 1880
406 2604
409 1180
409 6956
409 14322
414 12
414 5506
414 10021
414 11313
422 1510
422 4985
422 9576
422 10250
434 399
436 9886
440 3246
444 9977
453 5454
454 1340
484 2495
505 4105
505 5539
505 6253
505 7920
505 10525
509 2256
517 184
517 5914
526 526
533 382
534 453
534 553
539 2511
546 2454
546 5512
546 11468
552 13940
555 406
559 414
559 5227
565 8033
566 5403
568 568
572 5994
579 4917
602 27
602 29
602 2133
602 5780
602 14050
606 6582
606 8082
609 2074
609 5353
622 399
636 1431
636 2454
638 11138
652 1010
667 5213
667 9483
678 10439
683 2618
692 2851
701 10625
713 2189
718 5515
718 6094
718 11317
728 4803
728 11925
733 10096
733 10417
740 4201
745 703
753 1812
758 2475
773 5642
787 8824
787 10134
802 6346
802 12995
804 2534
805 8054
807 5628
812 3135
812 10961
817 5514
826 4201
843 8883
850 399
852 1881
864 9552
880 1627
880 5664
892 2172
893 9298
899 4866
906 1321
918 386
956 10992
963 6632
990 5626
991 2507
995 995
999 2520
999 6563
1005 4
1007 8972
1010 50
1010 9741
1021 1632
1025 9475
1032 7016
1051 406
1051 8259
1053 10
1062 1678
1063 1063
1065 1065
1065 3025
1068 2588
1071 2223
1073 8547
1083 12176
1087 1605
1089 11530
1099 9975
1100 399
1108 2262
1112 4818
1118 399
1124 4886
1125 1172
1130 6479
1130 8685
1141 8231
1149 8082
1152 13792
1155 10705
1172 22
1172 9927
1176 9541
1187 52
1211 6736
1217 399
1222 468
1231 12676
1241 5404
1249 5512
1249 5589
1258 227
1284 1667
1286 892
1286 5380
1286 5539
1291 139
1294 13276
1295 1532
1295 4857
1300 2495
1309 406
1309 4924
1309 11642
1309 11747
1326 1718
1326 6751
1335 399
1340 133
1340 8532
1340 9411
1340 11121
1342 8467
1345 11752
1353 5642
1367 9191
1368 4935
1372 2798
1372 5155
1372 6105
1375 848
1378 4811
1378 8065
1382 1393
1382 5421
1384 5579
1397 1259
1398 399
1400 399
1431 12442
1434 5467
1436 791
1436 6261
1436 9096
1437 5660
1440 4800
1461 2495
1465 1465
1466 9543
1466 11940
1468 3408
1468 3796
1479 3381
1484 5654
1489 1901
1490 4644
1502 2543
1502 5484
1505 11954
1510 2542
1519 1519
1519 2306
1519 5337
1520 11411
1521 4945
1529 2490
1532 287
1532 5539
1532 11991
1533 13179
1538 459
1539 8142
1546 3228
1554 9089
1560 8082
1564 2225
1578 5584
1580 11038
1582 4998
1600 1796
1605 6158
1605 8603
1608 1372
1611 3515
1611 12541
1624 8364
1625 1587
1625 2898
1638 3792
1642 31
1642 8732
1646 7994
1652 2933
1652 3800
1652 4083
1652 8583
1658 5839
1661 4710
1671 4945
1673 1673
1681 194
1681 5653
1686 11068
1694 2495
1701 155
1704 2758
1704 12488
1711 1716
1715 8558
1715 9006
1723 6695
1724 5404
1727 399
1729 14914
1734 1734
1737 5916
1739 5806
1740 2534
1753 2880
1764 1707
1777 10007
1779 5711
1782 5935
1783 530
1783 10403
1783 12559
1812 1937
1812 1965
1812 5138
1812 7710
1812 8230
1815 6088
1817 6610
1820 179
1820 409
1820 6351
1826 1826
1830 935
1832 8003
1837 38
1840 1374
1840 3949
1840 4903
1856 5516
1866 12516
1881 9075
1885 155
1885 6044
1887 1286
1891 5527
1895 10623
1895 12248
1905 7022
1907 1907
1911 5476
1912 126
1912 11618
1915 1383
1937 275
1939 1577
1953 1314
1958 2468
1972 5391
1974 7514
1980 6619
1991 4907
1997 10891
2000 425
2009 4987
2011 200
2016 1850
2027 9612
2045 4806
2051 1500
2056 6345
2061 11090
2068 1222
2074 5756
2080 9828
2082 7870
2083 8553
2085 11138
2085 13533
2088 1135
2095 2095
2095 4806
2099 3051
2104 5570
2104 8814
2104 12966
2117 2667
2136 386
2151 5097
2151 5253
2153 2153
2160 644
2166 8659
2171 5464
2175 2175
2194 11462
2197 5570
2197 9259
2202 7868
2207 2508
2212 10849
2221 9812
2223 5404
2226 181
2229 5391
2239 1720
2242 4828
2244 399
2249 2249
2256 3483
2263 1945
2284 539
2291 2489
2300 1231
2305 8065
2306 13455
2321 5435
2321 12544
2358 18
2363 2838
2363 8675
2367 5625
2371 4829
2379 718
2379 5614
2379 10497
2379 13321
2382 6444
2392 13375
2393 2492
2393 5514
2394 2394
2413 5741
2413 11942
2414 1792
2422 406
2428 10418
2439 2473
2445 5352
2445 5467
2445 13636
2450 409
2459 7348
2469 2363
2474 8431
2480 9
2480 11515
2483 146
2484 247
2484 1029
2484 1534
2484 8051
2484 11431
2488 6632
2488 11305
2489 5391
2490 2011
2491 1021
2492 1658
2492 2522
2492 8180
2492 10208
2495 123
2495 456
2495 599
2495 859
2495 1152
2495 1519
2495 1543
2495 2034
2495 4036
2495 4414
2495 5504
2495 14287
2495 14321
2495 14754
2501 1355
2501 2527
2507 6455
2510 8073
2512 1840
2514 5962
2516 5604
2518 1776
2520 2379
2520 2495
2520 5496
2520 8316
2522 5109
2523 14135
2524 11245
2527 6155
2527 6957
2527 7321
2530 8062
2533 6092
2533 11558
2533 12774
2535 517
2535 8822
2538 5473
2541 704
2541 12296
2543 1715
2543 1812
2543 5546
2546 10932
2550 14724
2551 6769
2553 14917
2554 198
2554 1313
2554 3564
2554 8388
2555 1295
2555 5403
2556 5433
2560 406
2572 5611
2578 404
2580 8015
2588 1840
2589 12194
2593 11495
2594 50
2601 227
2602 2821
2609 1549
2616 5635
2618 960
2621 7960
2627 5995
2627 7136
2629 2629
2639 8732
2645 14964
2676 6781
2679 5454
2681 2681
2684 2424
2687 1284
2687 2687
2694 1765
2723 11334
2739 3483
2748 2306
2751 7809
2765 1265
2773 5635
2784 59
2789 7978
2796 11460
2796 13681
2799 179
2802 8791
2820 692
2821 8181
2827 5240
2827 8709
2829 129
2829 1578
2831 1048
2831 2405
2831 13648
2842 5343
2847 3880
2849 7930
2851 11956
2853 2700
2853 4576
2853 9342
2853 14223
2856 461
2857 6613
2859 2469
2859 3038
2859 5384
2868 382
2870 1465
2870 1901
2880 145
2880 2435
2880 12239
2881 609
2881 870
2881 2285
2881 2599
2882 6969
2887 222
2888 11543
2891 5503
2891 11006
2898 8000
2902 5712
2904 5653
2906 5384
2907 3381
2913 5212
2929 7863
2930 6141
2934 1307
2944 2773
2944 14242
2950 5226
2950 5468
2950 8416
2950 8582
2955 6351
2957 4190
2957 4800
2961 2520
2961 10549
2965 3471
2978 3385
2980 6339
2980 10114
2996 5796
3009 6674
3009 9075
3013 4800
3013 12679
3016 3135
3025 1125
3025 9442
3026 5836
3029 9886
3031 10207
3033 1286
3048 5028
3050 5987
3055 3011
3058 3503
3058 11673
3070 1284
3070 5072
3077 5497
3079 5711
3080 4975
3080 14693
3083 2938
3089 4209
3094 1129
3099 4455
3106 3759
3106 10744
3111 10082
3116 11673
3116 13494
3121 11437
3124 1284
3125 222
3125 2496
3125 3311
3131 3397
3131 10505
3137 3315
3140 6226
3141 222
3142 9934
3146 3112
3157 5637
3157 9828
3162 353
3169 13054
3171 13361
3181 6441
3184 3811
3184 5379
3187 6297
3189 5126
3218 2882
3221 3221
3231 4693
3231 11530
3244 5084
3246 1393
3278 4966
3281 3246
3283 3061
3289 2980
3296 9487
3301 10780
3305 14215
3310 13682
3315 4907
3327 956
3327 9875
3339 2004
3342 2774
3348 382
3348 5547
3361 10177
3363 8671
3372 3492
3383 1469
3383 8540
3384 382
3386 2789
3386 6264
3387 6028
3390 13462
3392 3064
3397 4300
3408 1363
3408 2336
3408 3057
3408 4414
3408 6415
3408 8177
3408 8726
3410 4972
3416 10023
3418 1231
3452 9191
3454 10133
3471 3964
3479 4050
3483 114
3483 366
3483 1774
3492 2239
3492 2796
3495 6713
3495 9767
3502 4856
3515 1611
3515 3119
3515 3573
3515 13646
3515 14312
3517 12189
3537 13345
3546 3206
3549 1633
3549 6432
3551 3551
3553 12349
3562 8049
3562 11895
3569 8750
3577 10057
3577 10218
3581 382
3599 9769
3610 2495
3620 12896
3649 12578
3673 3134
3693 4827
3700 2399
3700 14135
3702 8995
3711 12055
3737 382
3749 13396
3768 11374
3768 12896
3801 2821
3839 5786
3848 12467
3853 10689
3854 10005
3855 4885
3871 3871
3880 2847
3898 2868
3901 9479
3934 4828
3935 1510
3935 6613
3938 2881
3939 3523
3939 10323
3939 10936
3945 12657
3949 14982
3954 382
3973 5212
3977 3977
3989 3989
3995 3158
3995 5077
3997 6432
3999 4197
4000 4983
4012 4012
4014 7960
4025 3296
4027 9191
4035 1992
4040 419
4040 7150
4044 4837
4044 10593
4045 5403
4049 11016
4053 3322
4066 1193
4066 2505
4077 5943
4081 2986
4082 6613
4095 7802
4116 382
4138 8000
4139 4139
4140 6540
4140 10380
4145 10215
4159 9875
4178 4178
4178 10318
4180 220
4190 9285
4197 2239
4212 382
4220 1668
4226 10491
4232 12444
4233 5071
4235 10544
4262 60
4263 5166
4263 6100
4270 4662
4274 9397
4286 8790
4292 1374
4299 10593
4322 5514
4324 25
4324 13869
4328 2495
4338 4338
4348 11107
4352 382
4353 6521
4353 9574
4382 5350
4382 5626
4401 12385
4411 2495
4411 5348
4422 3228
4422 4918
4422 5124
4438 11895
4442 5829
4442 6159
4451 2511
4452 9922
4452 13533
4461 14960
4466 10292
4473 13319
4474 5467
4492 718
4492 14532
4498 3498
4518 5943
4549 10505
4565 4299
4565 5404
4565 13500
4567 4827
4569 409
4570 4893
4576 9939
4590 5362
4615 8683
4623 6387
4644 23
4644 4083
4644 14532
4675 13841
4678 5671
4692 11851
4698 9432
4716 5619
4719 3052
4722 5025
4745 38
4747 4747
4761 10667
4795 1124
4800 1580
4800 4907
4800 5091
4800 5685
4800 9794
4802 1571
4803 3854
4806 224
4806 2233
4806 3433
4806 4492
4806 5955
4806 7725
4806 8393
4806 10961
4806 11005
4806 13820
4806 13941
4806 14819
4809 530
4809 1053
4809 8909
4809 10335
4810 11996
4810 12207
4811 5
4816 1762
4816 4816
4818 4863
4820 310
4824 1021
4827 5536
4827 8849
4827 9292
4829 1390
4829 1615
4829 5514
4829 5539
4830 2881
4831 4831
4831 9614
4832 14321
4836 108
4837 10817
4838 8811
4839 12049
4840 9064
4843 1810
4843 11121
4847 654
4853 5792
4854 2495
4854 13312
4857 6605
4862 5553
4866 3387
4866 5635
4866 8862
4866 9298
4866 10850
4867 4750
4871 7249
4875 5467
4877 3500
4877 6848
4879 2380
4885 11134
4890 2348
4890 10004
4890 14076
4892 3064
4896 4896
4903 8615
4904 400
4912 4933
4917 6142
4917 7902
4917 13062
4918 3445
4918 5036
4922 6409
4922 10593
4933 4933
4934 2888
4936 523
4936 6521
4937 6129
4942 4806
4945 1510
4951 1502
4957 8501
4965 9516
4968 2159
4970 6518
4971 9394
4973 11199
4974 3217
4974 5129
4975 4473
4975 9133
4978 5712
4981 10707
4983 5608
4983 6591
4983 9329
4984 14030
4985 12516
4985 13048
4987 4248
4987 11692
4998 2807
5000 10603
5004 685
5004 4153
5014 1108
5014 6358
5015 1489
5015 4717
5017 196
5017 1984
5017 3139
5017 4984
5021 6631
5027 1102
5027 2458
5028 13840
5029 231
5030 1312
5032 170
5032 5233
5032 6445
5033 1672
5035 4862
5037 1349
5041 1611
5042 3393
5047 5485
5047 5794
5049 2348
5062 1295
5062 11060
5065 5102
5073 5473
5074 1983
5075 13451
5082 5082
5082 5715
5083 10509
5084 4093
5084 7839
5085 7816
5089 5826
5098 5635
5102 1068
5102 3468
5102 3768
5102 13494
5103 3077
5103 5163
5106 3276
5106 5645
5116 10817
5119 9
5121 137
5121 5391
5126 8993
5129 200
5133 5653
5134 4966
5134 5655
5138 5134
5138 5467
5140 609
5144 6145
5155 5586
5157 5628
5157 5806
5166 8081
5167 1724
5167 3372
5167 5531
5168 11138
5180 3880
5180 8561
5202 8438
5204 336
5204 534
5204 1286
5204 2827
5209 4827
5212 1002
5213 12321
5231 13572
5236 5084
5237 11851
5238 2495
5241 5589
5241 6472
5242 11653
5244 4567
5245 5329
5248 8942
5252 963
5254 1836
5254 4190
5258 2853
5258 5103
5258 9526
5258 10705
5258 13746
5259 2214
5265 13077
5266 2492
5270 9487
5271 3160
5271 5790
5278 10741
5280 6092
5282 11692
5283 5681
5284 3077
5286 367
5297 5126
5300 11272
5300 14987
5303 2831
5305 3440
5305 9029
5313 5524
5315 2142
5315 4300
5315 4407
5315 4811
5315 4864
5316 1286
5317 2550
5319 10367
5336 5478
5337 1071
5342 8862
5348 6562
5350 3363
5351 6514
5352 6215
5353 5502
5353 6008
5356 13580
5358 9378
5365 4301
5367 5138
5370 5471
5379 13495
5381 3079
5385 9
5385 8407
5391 475
5391 5172
5391 8081
5393 5730
5394 8373
5395 6495
5399 10545
5403 2618
5404 2363
5406 1309
5415 5055
5419 2363
5421 2618
5421 3189
5428 1887
5431 14122
5432 9144
5433 2514
5433 5384
5439 4793
5440 204
5440 802
5441 6461
5450 8461
5452 5516
5452 5592
5454 343
5454 5822
5454 8364
5460 325
5464 3483
5467 5467
5473 1724
5473 4806
5474 8293
5475 52
5475 6331
5475 9006
5476 11721
5478 2142
5482 9141
5484 807
5484 5043
5484 5155
5486 70
5489 1900
5491 524
5494 2511
5494 9268
5496 13655
5497 7809
5499 12296
5500 5804
5505 626
5505 1500
5513 1812
5513 8137
5514 2687
5514 14954
5516 5503
5517 12
5517 2011
5518 1502
5519 1502
5521 78
5521 1857
5521 6028
5524 414
5527 1724
5527 2363
5527 8124
5528 9032
5538 14228
5539 539
5539 5628
5546 9136
5546 11455
5553 2082
5555 13775
5558 469
5559 6028
5565 2799
5565 11529
5568 14242
5570 1184
5570 5021
5570 8291
5575 1368
5577 5577
5580 14149
5581 285
5581 9383
5582 1483
5582 1715
5582 2961
5582 3483
5582 12465
5586 4797
5596 5578
5605 10670
5607 85
5607 139
5608 667
5608 6708
5617 2843
5617 7625
5618 1571
5620 949
5620 5213
5620 8075
5628 2011
5628 7321
5628 8061
5632 6990
5635 4984
5645 381
5645 2091
5646 5646
5652 10430
5653 12
5653 2580
5653 4141
5653 4169
5653 4560
5653 4742
5653 6043
5653 10438
5653 12188
5653 13534
5654 1025
5654 1484
5655 6352
5657 6249
5660 1918
5660 8434
5660 14844
5661 12201
5665 4633
5667 4819
5673 14
5673 5130
5685 1678
5686 5111
5686 5987
5690 5705
5696 4645
5707 1980
5707 2220
5707 4859
5707 6760
5707 6905
5707 7530
5709 484
5709 6401
5710 2834
5713 5940
5720 553
5723 5439
5723 5932
5724 2812
5730 6159
5739 11958
5741 5024
5741 5029
5743 2831
5743 7852
5749 8635
5753 229
5754 5728
5755 14623
5757 5757
5766 6409
5766 8676
5781 1357
5781 7374
5788 5566
5788 10768
5790 3022
5794 5440
5796 804
5804 5042
5806 1372
5811 14788
5813 13604
5817 17
5817 2802
5824 5654
5829 3624
5829 8561
5829 10792
5829 14127
5832 9445
5837 1724
5837 1812
5857 13948
5861 8129
5863 6719
5864 10277
5871 5343
5878 12043
5882 8947
5901 5908
5906 13605
5908 2145
5908 6500
5915 5466
5916 12363
5917 8431
5925 422
5926 4982
5927 5927
5930 9050
5932 2789
5935 13355
5939 7868
5940 9190
5941 2808
5941 14501
5943 440
5958 9191
5962 50
5962 8650
5966 6605
5966 10824
5968 3471
5968 5726
5970 12465
5971 7517
5972 6567
5972 10936
5978 1198
5978 5167
5979 11630
5986 6703
5987 3050
5988 11448
5993 3116
5993 6023
5993 7781
5994 6093
6004 3295
6012 9508
6020 5496
6020 9307
6022 4871
6044 2484
6064 10550
6071 13474
6074 5642
6078 25
6078 12985
6079 2096
6090 14624
6093 6093
6106 5582
6117 3002
6117 3124
6117 11068
6121 1313
6130 2985
6131 13684
6135 5027
6141 10495
6142 11167
6142 11673
6145 5806
6147 5983
6152 6152
6153 8899
6153 12186
6154 10671
6159 5240
6167 132
6170 5259
6170 11741
6172 4978
6177 10937
6188 4907
6206 3064
6206 8309
6208 386
6211 5486
6212 1533
6230 5757
6236 1194
6236 1718
6236 12442
6245 8253
6248 3246
6252 4925
6253 4981
6255 9621
6257 2757
6264 1345
6270 5351
6279 13571
6285 5067
6299 2108
6300 5809
6300 13769
6313 386
6315 13122
6317 3156
6321 9144
6322 10473
6323 6777
6329 6295
6329 10605
6336 10945
6343 3494
6345 5049
6346 2969
6352 6483
6352 12281
6364 7615
6365 1514
6365 2882
6369 14306
6374 6434
6389 6389
6395 3981
6395 11448
6409 4565
6409 10323
6416 5142
6422 6440
6427 6679
6429 2380
6429 14854
6432 8137
6434 7802
6434 10087
6441 8299
6444 2621
6447 13988
6447 14941
6451 29
6457 1353
6470 5154
6472 3234
6475 2877
6482 11107
6485 2139
6486 5908
6491 758
6491 12475
6492 5723
6492 6508
6492 12270
6495 5437
6499 12280
6501 1646
6503 5900
6507 5421
6508 10739
6510 36
6514 6417
6514 10755
6514 13556
6518 3363
6521 198
6523 13989
6526 6295
6535 10036
6540 5711
6540 8558
6549 8152
6552 13338
6576 6576
6579 14733
6582 1366
6582 6378
6582 6555
6599 349
6601 5067
6605 1053
6605 1885
6605 5062
6605 8597
6613 2519
6613 5453
6654 1325
6654 5240
6654 5467
6659 6659
6661 6441
6661 6876
6661 13738
6662 4824
6668 11145
6689 8657
6693 10870
6702 6505
6702 9471
6705 6705
6707 1384
6708 5527
6711 4893
6726 10505
6730 4806
6755 1295
6757 5058
6784 38
6788 38
6790 38
6790 2793
6799 5906
6811 11099
6839 5582
6890 5707
6905 13749
6924 38
6931 4922
6936 9644
6940 38
6969 5594
6986 5630
6990 2360
7003 2174
7010 5614
7016 11938
7016 15000
7022 5399
7030 2363
7068 2961
7068 5129
7069 13682
7071 9433
7074 5707
7077 5664
7080 7080
7089 10433
7090 9375
7097 38
7101 7101
7143 7143
7153 38
7156 5392
7175 38
7175 2788
7187 6969
7206 4893
7215 38
7219 5707
7246 38
7246 8467
7276 4831
7303 7303
7315 10439
7320 13514
7334 6632
7334 8891
7346 1849
7367 227
7383 5919
7388 38
7406 7406
7422 2431
7427 5707
7453 11407
7461 5707
7463 38
7463 10082
7466 8920
7482 11630
7497 9311
7504 5707
7504 7504
7516 7516
7559 5254
7559 9173
7569 4912
7572 14119
7608 38
7683 11277
7694 4885
7732 5707
7739 3435
7739 11642
7754 1869
7757 7757
7782 7782
7801 10014
7807 4758
7812 5242
7830 7830
7833 2510
7833 5084
7833 5505
7838 5766
7839 4328
7839 5751
7839 14502
7848 5814
7853 6098
7885 2516
7898 44
7902 44
7906 8756
7918 11309
7918 14221
7922 4124
7923 7923
7928 11809
7930 2012
7945 8925
7946 180
7953 44
7960 2584
7963 351
7968 3487
7969 8907
7969 10959
7971 10359
7976 2519
7976 9463
7983 5970
7983 9064
7990 1197
7991 45
7998 1489
8000 4111
8000 4951
8000 14182
8001 5983
8004 6703
8015 11911
8017 200
8018 4407
8018 5857
8023 6020
8025 3484
8027 6886
8033 745
8033 3769
8036 3386
8036 5421
8036 13155
8040 5968
8042 6977
8047 5237
8048 2435
8048 4577
8051 5918
8052 5393
8055 1694
8056 336
8057 120
8059 7824
8059 7890
8062 5706
8064 2380
8068 254
8068 2387
8069 5832
8073 10992
8076 11829
8082 8082
8083 6492
8084 5528
8087 5620
8095 2414
8101 10879
8102 5976
8118 6493
8125 6409
8128 4811
8129 7016
8131 7970
8134 1658
8136 8395
8138 50
8146 8338
8149 4806
8152 10980
8157 1924
8157 9961
8168 10316
8172 5906
8178 10770
8181 6295
8183 3184
8183 8192
8185 892
8187 6159
8193 5439
8193 8843
8198 1777
8200 266
8211 6625
8222 6117
8224 2495
8231 10903
8234 6969
8240 8240
8247 11289
8259 1295
8265 8265
8274 7840
8275 1230
8302 6495
8306 2484
8325 2484
8334 50
8334 11717
8339 5578
8361 5167
8363 11246
8364 602
8372 5323
8376 196
8392 7971
8396 51
8413 5921
8425 1371
8425 8211
8428 1708
8459 8844
8486 53
8498 5311
8502 9801
8509 10561
8517 12581
8532 3484
8533 3855
8534 11529
8540 8438
8545 2500
8562 4983
8562 5245
8562 6365
8570 7971
8572 13997
8577 5353
8577 8338
8579 3106
8582 2512
8590 5270
8603 9347
8603 10434
8603 14053
8606 1153
8615 2501
8622 5514
8630 2368
8634 2197
8638 11200
8642 8642
8642 10439
8650 7781
8652 8811
8653 1022
8657 10992
8657 12002
8663 447
8677 8299
8688 11350
8690 9259
8691 5403
8695 9956
8697 8646
8731 667
8732 2425
8739 928
8740 10400
8745 8745
8747 1925
8749 12241
8756 14875
8761 3085
8765 5999
8767 2888
8771 13608
8777 5050
8790 447
8790 13491
8806 8806
8814 2104
8825 1284
8825 9615
8827 4710
8833 5058
8842 10903
8849 5475
8862 5134
8885 7733
8891 3085
8896 3502
8911 11132
8918 8918
8925 9094
8942 2907
8942 2959
8951 10106
8960 3702
8961 381
8962 1197
8962 2913
8970 638
8986 2055
8988 5882
8992 8180
9005 9102
9006 7618
9015 9015
9016 196
9025 7647
9043 62
9050 5195
9063 1390
9063 1686
9063 8062
9064 1438
9067 3445
9069 10718
9073 9073
9075 6409
9083 934
9084 11666
9086 2311
9088 707
9089 5223
9094 3159
9102 9102
9109 1229
9114 8716
9114 14659
9117 2186
9117 2948
9132 5730
9141 2496
9145 1974
9149 10422
9150 2393
9161 5452
9172 6982
9173 9429
9176 9176
9181 5194
9185 3281
9191 2974
9191 11408
9191 14816
9195 9195
9201 2513
9204 5594
9223 13682
9228 9228
9243 5772
9243 12465
9243 14834
9253 4354
9257 5941
9259 3594
9259 7983
9259 13520
9265 10190
9275 2362
9275 2495
9275 10705
9281 5028
9285 3385
9298 3022
9298 4901
9302 10509
9303 5080
9303 6317
9306 5660
9319 14215
9325 517
9325 2510
9330 5454
9334 11188
9345 843
9345 14150
9355 9355
9359 63
9359 8990
9394 2500
9397 2145
9401 13217
9402 2602
9407 2085
9408 1320
9411 8183
9416 5961
9416 8251
9416 13919
9429 8990
9436 10106
9443 14968
9444 12298
9450 5571
9451 12940
9487 5962
9488 9488
9498 8807
9500 5242
9501 8416
9509 1601
9514 2407
9528 6378
9538 1835
9547 2998
9547 11022
9549 817
9549 822
9551 11676
9557 2185
9558 9558
9562 9016
9567 2520
9578 14404
9586 9586
9591 9591
9595 1172
9598 1312
9611 9611
9612 4984
9612 5710
9615 8745
9615 10170
9621 5829
9625 3484
9631 13249
9638 3136
9639 9639
9644 9446
9687 3323
9700 72
9720 2907
9726 4829
9752 3158
9752 7826
9752 11245
9769 3163
9793 2295
9794 6595
9794 10226
9794 12889
9799 13963
9804 78
9815 3363
9815 13495
9827 2104
9841 1440
9841 6209
9842 3696
9852 1577
9864 8362
9868 4728
9876 8937
9877 12606
9883 741
9885 9885
9889 7610
9900 386
9900 5589
9903 2300
9944 14432
9962 4662
10000 4802
10000 13310
10006 5651
10007 8935
10037 9155
10037 11289
10042 214
10042 13683
10051 5733
10052 10052
10057 10057
10061 227
10061 5140
10061 10061
10065 399
10072 3458
10073 414
10090 5829
10096 14511
10104 4456
10122 5453
10133 2881
10133 6126
10133 9747
10149 6201
10150 5042
10175 553
10175 8783
10183 4757
10183 9401
10198 1836
10199 3792
10208 5323
10226 4968
10228 10228
10231 5471
10231 11958
10246 5168
10251 3898
10269 5538
10275 92
10292 8193
10323 14575
10345 10937
10367 1569
10371 6098
10373 95
10380 4140
10381 4862
10388 787
10400 9253
10407 4833
10407 6142
10407 12948
10418 13773
10422 6733
10433 11888
10437 8299
10439 2588
10448 6170
10455 227
10456 3922
10463 5337
10463 8152
10468 5953
10470 10135
10471 10471
10472 6130
10479 8243
10480 8413
10481 98
10489 4867
10493 2496
10509 2898
10509 5734
10509 5835
10510 4353
10512 2849
10517 10517
10519 10506
10528 5755
10531 8822
10546 4638
10546 9306
10573 10573
10593 7739
10594 101
10601 101
10602 10602
10609 6684
10623 6068
10623 13927
10634 9741
10636 718
10641 13758
10647 5471
10648 5279
10654 207
10666 6514
10671 10121
10707 12224
10709 11474
10709 13406
10710 1118
10718 1743
10719 106
10719 2447
10722 8435
10723 2011
10723 4824
10740 2363
10748 833
10752 1991
10755 11640
10762 11787
10765 10765
10770 10149
10771 7081
10773 8734
10774 5626
10775 10328
10779 5469
10780 3116
10782 11706
10783 453
10790 13851
10791 107
10800 5396
10808 6605
10812 14249
10813 13472
10814 107
10827 10932
10833 12281
10834 780
10834 3742
10834 5821
10839 5103
10846 6215
10849 2829
10849 4266
10856 1265
10856 1534
10856 1580
10856 13875
10858 10858
10870 5058
10870 12363
10873 6668
10891 5730
10891 14872
10899 112
10923 10720
10932 7971
10932 11439
10941 6632
10945 2831
10945 10096
10946 7374
10947 10728
10948 8588
10948 13993
10952 4843
10956 4288
10961 5729
10961 9574
10961 11995
10961 13838
10971 6197
10978 11112
10979 2864
10983 8612
10986 1601
10993 2354
10998 6027
11015 5351
11018 14122
11033 115
11064 6409
11069 116
11074 14696
11096 4455
11098 4806
11098 7930
11099 4933
11100 6248
11101 5
11141 14222
11146 13515
11163 1756
11169 5516
11170 14529
11173 2242
11186 6726
11203 6142
11203 11203
11229 5521
11237 4809
11246 5168
11255 5213
11255 9064
11263 5589
11276 2588
11276 8683
11286 11286
11302 6197
11313 11298
11329 13885
11338 4827
11361 1340
11364 12381
11365 11128
11366 9600
11384 6756
11395 9751
11396 5607
11396 8790
11396 10718
11404 1038
11409 8817
11413 6726
11422 2626
11439 2710
11448 552
11459 5453
11460 13870
11465 1298
11474 3561
11474 5315
11475 1652
11489 2425
11489 5618
11490 2821
11490 5428
11494 2956
11496 38
11497 216
11531 11816
11540 132
11552 3181
11552 4975
11553 11553
11558 132
11559 6117
11567 7315
11567 8231
11575 4922
11576 13225
11597 5836
11597 7717
11618 14581
11624 2475
11630 10134
11630 12363
11630 13496
11631 2965
11634 987
11635 12442
11636 6175
11636 6760
11636 12742
11644 11841
11651 4604
11653 11653
11659 8888
11660 13940
11669 5147
11685 3080
11687 7853
11690 5749
11690 11689
11694 4422
11694 5796
11698 5858
11701 4074
11701 5300
11701 14807
11702 3309
11712 979
11720 5404
11721 6605
11730 3181
11747 139
11751 5652
11752 9096
11789 1776
11815 10979
11815 13636
11818 1681
11851 14896
11856 2861
11863 11515
11882 11882
11884 2445
11894 3769
11923 1855
11947 14204
11954 11437
11958 2031
11963 2574
11988 3779
11991 524
